##################################################################
### Terrain Categories
###
### Terrain types: plains, mountains, hills, desert, artic, forest, jungle, marsh, pti
### Types are used by the game to apply certain bonuses/maluses on movement/combat etc.
###
### Sound types: plains, forest, desert, sea, jungle, mountains

categories = {
	pti = {
		type = pti
		terrain_override = {
			
		}

	}
	ocean = {
		color = { 255 255 255 }
		sound_type = sea
		is_water = yes
		terrain_override = {
			
		}

	}
	inland_ocean = {
		color = { 0 0 200 }
		sound_type = sea
		is_water = yes
		inland_sea = yes
		terrain_override = {
			1345 1345 1347 1347 1348 1348 1350 1350 1351 1351 1352 1352 1353 1353 1354 1354 1355 1355 1356 1356 1357 1357 1358 1358 1358 1359 
			1359 1360 1360 1361 1361 1362 1362 1363 1363 1364 1364 1365 1365 1366 1366 1367 1367 1368 1368 1369 1369 1370 1370 1371 1371 1393 
			1393 1394 1394 1395 1395 1397 1397 1398 1398 1399 1399 1400 1400 1401 1401 1402 1402 1408 1408 1409 1409 1410 1410 4357 4357 4358 
			4358 
		}

	}
	glacier = {
		color = { 235 235 235 }
		sound_type = desert
		defence = 1
		movement_cost = 1.25
		local_regiment_cost = 2
		allowed_num_of_buildings = 0.5
		nation_designer_cost_multiplier = 0.75
		terrain_override = {
			1034 1034 1035 1035 1104 1104 1105 1105 2025 2025 2074 2128 2129 2440 2440 2574 2574 
		}

	}
	farmlands = {
		color = { 179 255 64 }
		sound_type = plains
		type = plains
		movement_cost = 1.10
		allowed_num_of_buildings = -0.05
		local_regiment_cost = 10
		local_tax_modifier = 1
		nation_designer_cost_multiplier = 1.05
		terrain_override = {
			   6    6   12   12   14   14   43   43   44   44   45   45   64   64   65   65   67   67   68   68   70   70   77   77   78   78 
			  88   88   90   90   92   92   97   97   98   98  100  100  104  104  108  108  109  109  113  113  115  115  117  117  118  118 
			 121  121  125  125  134  134  146  146  148  148  150  150  151  151  152  152  153  153  160  160  161  161  167  167  169  169 
			 172  172  177  177  180  180  182  182  183  183  186  186  191  191  192  192  200  200  234  234  235  235  236  236  238  238 
			 243  243  245  245  248  248  254  254  255  255  257  257  258  258  259  259  260  260  262  262  264  264  266  266  267  267 
			 268  268  279  279  280  280  289  289  290  290  358  358  359  359  361  361  363  363  410  410  415  415  506  506  507  507 
			 510  510  522  522  523  523  524  524  532  532  540  540  555  555  556  556  558  558  561  561  563  563  581  581  584  584 
			 585  585  586  586  600  600  613  613  665  665  667  667  671  671  672  672  679  679  680  680  682  682  683  683  684  684 
			 685  685  687  687  688  688  690  690  691  691  692  692  695  695  696  696  700  700  735  735  916  916  917  917  920  920 
			 925  925  930  930 1020 1020 1021 1021 1028 1028 1030 1030 1744 1744 1767 1767 1772 1772 1816 1816 1821 1821 1822 1822 1836 1836 
			1838 1838 1841 1841 1862 1862 1865 1865 1868 1868 1874 1874 1876 1876 1877 1877 1879 1879 1954 1954 2026 2026 2033 2033 2044 2044 
			2045 2045 2047 2047 2060 2060 2063 2063 2075 2075 2076 2076 2095 2095 2137 2137 2138 2138 2139 2139 2140 2140 2141 2141 2142 2142 
			2143 2143 2144 2144 2145 2145 2148 2148 2149 2149 2150 2150 2151 2151 2156 2156 2157 2157 2159 2159 2163 2163 2172 2172 2175 2175 
			2176 2176 2310 2310 2312 2312 2316 2316 2380 2380 2407 2407 2532 2532 2745 2745 2753 2753 2774 2774 2775 2775 2794 2794 2796 2796 
			2955 2955 2957 2957 2979 2979 2980 2980 2981 2981 2998 2998 4126 4126 4173 4173 4194 4194 4195 4195 4196 4196 4197 4197 4212 4212 
			4213 4213 4240 4240 4316 4316 4367 4367 4368 4368 4371 4371 4375 4375 4382 4382 4383 4383 4384 4384 4388 4388 4390 4390 4392 4392 
			4396 4396 4415 4415 4416 4416 4428 4428 4476 4476 4479 4479 4487 4487 4489 4489 4490 4490 4496 4496 4497 4497 4510 4510 4513 4513 
			4529 4529 4531 4531 4538 4538 4712 4712 4765 4765 4769 4769 4831 4831 4832 4832 4943 4943 4946 4946 4954 4954 4960 4960 4961 4961 
			4962 4962 4964 4964 4984 4984 4990 4990 4992 4992 4993 4993 4995 4995 4996 4996 4997 4997 4998 4998 4999 4999 5001 5001 5014 5014 
			5018 5018 5054 5054 5055 5055 5056 5056 5057 5057 5058 5058 5059 5059 5060 5060 5061 5061 5075 5075 5076 5076 5077 5077 5078 5078 
			5079 5079 5088 5088 5089 5089 5091 5091 5092 5092 5093 5093 5094 5094 5095 5095 5098 5098 5099 5099 5100 5100 5101 5101 5102 5102 
			5103 5103 5104 5104 5105 5105 5106 5106 5115 5115 5116 5116 5117 5117 5118 5118 5119 5119 5122 5122 5123 5123 5124 5124 5125 5125 
			5126 5126 5127 5127 5128 5128 5169 5169 5170 5170 5171 5171 5172 5172 5175 5175 5176 5176 5177 5177 5189 5189 5190 5190 5191 5191 
			5192 5192 5193 5193 5194 5194 5195 5195 5196 5196 5197 5197 
		}

	}
	forest = {
		color = { 18 74 9 }
		sound_type = forest
		type = forest
		defence = 1
		movement_cost = 1.25
		local_regiment_cost = 4
		allowed_num_of_buildings = 0.2
		nation_designer_cost_multiplier = 0.90
		terrain_override = {
			   2    4    4    8    8    9    9   10   10   11   11   18   18   29   29   30   30   31   31  309  309  312  312  315  315  960 
			 960  978  978  980  980  993  993  996  996  997  997  998  998 1011 1011 1026 1026 1046 1046 1054 1054 1109 1109 1955 1955 2022 
			2022 2517 2517 2572 2572 2573 2573 2575 2575 2582 2582 2583 2583 2593 2593 2611 2611 2671 2671 4123 4123 4124 4124 4187 4187 4981 
			4981 5011 5011 
		}

	}
	hills = {
		color = { 113 176 151 }
		sound_type = mountains
		type = hills
		defence = 1
		movement_cost = 1.40
		fort_level = 0.1
		allowed_num_of_buildings = 0.25
		local_regiment_cost = 5
		nation_designer_cost_multiplier = 0.85
		terrain_override = {
			  63  101  101  102  102  105  105  106  106  107  107  111  111  116  116  119  119  123  123  137  137  140  140  156  156  176 
			 176  193  193  196  196  198  198  201  201  203  203  232  232  242  242  250  250  251  251  318  325  325  488  488  489  489 
			 508  508  509  509  511  511  515  515  518  518  521  521  525  525  527  527  529  529  530  530  531  531  533  533  538  538 
			 545  545  548  548  550  550  554  554  557  557  559  559  604  604  608  608  609  609  611  611  615  615  652  652  657  657 
			 658  658  669  669  670  670  681  681  686  686  733  733  740  740  837  837  839  839  841  841  844  844  847  847  849  849 
			 851  851  854  854  855  855  899  899  911  911  931  931  935  935  949  949  951  951  959  959  961  961  964  964  966  966 
			 969  969  972  972  981  981  986  986  992  992  994  994  995  995 1016 1016 1018 1018 1022 1022 1025 1025 1029 1029 1106 1106 
			1108 1108 1117 1117 1121 1121 1746 1746 1770 1770 1774 1774 1792 1792 1820 1820 1823 1823 1824 1824 1827 1827 1828 1828 1829 1829 
			1830 1830 1832 1832 1833 1833 1840 1840 1843 1843 1844 1844 1848 1848 1852 1852 1856 1856 1934 1934 1947 1947 1949 1949 1951 1951 
			2011 2011 2012 2012 2023 2023 2027 2027 2030 2030 2032 2032 2036 2036 2037 2037 2040 2040 2043 2043 2056 2056 2058 2058 2069 2069 
			2070 2070 2071 2071 2080 2080 2083 2083 2089 2089 2090 2090 2092 2092 2097 2097 2146 2146 2147 2147 2152 2152 2153 2153 2158 2158 
			2171 2171 2173 2173 2174 2174 2299 2299 2373 2373 2379 2379 2382 2382 2479 2479 2509 2509 2515 2515 2518 2518 2527 2527 2531 2531 
			2548 2548 2552 2552 2553 2553 2555 2555 2556 2556 2557 2557 2558 2558 2559 2559 2562 2562 2563 2563 2565 2565 2567 2567 2571 2571 
			2577 2577 2579 2579 2580 2580 2606 2606 2607 2607 2608 2608 2627 2627 2638 2638 2640 2640 2642 2642 2648 2648 2653 2653 2657 2657 
			2658 2658 2660 2660 2694 2694 2697 2697 2698 2698 2701 2701 2738 2738 2742 2742 2744 2744 2956 2956 2965 2965 2976 2976 2977 2977 
			2978 2978 2983 2983 2984 2984 2991 2991 2992 2992 3002 3002 4023 4023 4046 4046 4050 4050 4063 4063 4066 4066 4068 4068 4069 4069 
			4070 4070 4072 4072 4098 4098 4102 4102 4144 4144 4145 4145 4164 4164 4180 4180 4183 4183 4185 4185 4188 4188 4191 4191 4192 4192 
			4229 4229 4231 4231 4239 4239 4307 4311 4311 4312 4312 4315 4315 4361 4361 4362 4362 4363 4363 4366 4366 4414 4414 4420 4420 4425 
			4425 4426 4426 4427 4427 4429 4429 4430 4430 4434 4434 4449 4449 4453 4453 4459 4459 4462 4462 4465 4465 4466 4466 4467 4467 4480 
			4480 4483 4483 4484 4484 4485 4485 4491 4491 4492 4492 4493 4493 4500 4500 4511 4511 4552 4552 4694 4694 4695 4695 4696 4696 4702 
			4702 4705 4705 4707 4707 4715 4715 4739 4739 4744 4744 4753 4753 4761 4761 4764 4764 4777 4777 4779 4779 4840 4840 4856 4856 4939 
			4939 4942 4942 4944 4944 4945 4945 4947 4947 4948 4948 4949 4949 4951 4951 4952 4952 4953 4953 4968 4968 4971 4971 4973 4973 4977 
			4977 4978 4978 4980 4980 4986 4986 4987 4987 4988 4988 4989 4989 4991 4991 4994 4994 5002 5002 5003 5003 5016 5016 5017 5017 5020 
			5020 5042 5042 5043 5043 5044 5044 5045 5045 5063 5063 5064 5064 5065 5065 5066 5066 5067 5067 5068 5068 5069 5069 5070 5070 5071 
			5071 5072 5072 5073 5073 5074 5074 5080 5080 5081 5081 5082 5082 5083 5083 5084 5084 5085 5085 5086 5086 5087 5087 5090 5090 5096 
			5096 5097 5097 5107 5107 5109 5109 5110 5110 5112 5112 5113 5114 5114 5120 5120 5140 5140 5144 5144 5162 5162 5163 5163 5164 5164 
			5179 5179 5319 5319 5320 5320 5321 5321 5322 5322 5323 5323 5324 5324 5325 5325 5326 5326 5327 5327 5328 5328 5329 5329 5330 5330 
			5331 5331 5332 5332 5333 5333 5334 5334 5335 5335 5336 5336 5337 5337 5338 5338 5339 5339 5340 5340 5341 5341 5342 5342 5343 5343 
			5344 5344 
		}

	}
	woods = {
		color = { 41 155 22 }
		sound_type = forest
		type = forest
		defence = 1
		movement_cost = 1.10
		allowed_num_of_buildings = 0.15
		local_regiment_cost = 6
		nation_designer_cost_multiplier = 0.90
		terrain_override = {
			   2    2    3    3   34   34   37   37   38   38   40   40   41   41   46   46   47   47   48   48   49   49   50   50   51   51 
			  52   52   53   53   56   56   57   57   58   58   59   59   60   60   61   61   62   62   63   63   66   66   69   69   72   72 
			  80   80   81   81   82   82   83   83   84   84   85   85   86   86   93   93   94   94   95   95   99   99  128  128  129  129 
			 130  130  141  141  173  173  174  174  175  175  178  178  181  181  184  184  187  187  188  188  189  189  190  190  194  194 
			 195  195  206  206  239  239  240  240  244  244  247  247  256  256  261  261  269  269  271  271  272  272  273  273  274  274 
			 275  275  276  276  296  296  297  297  298  298  306  306  307  307  310  310  311  311  316  316  317  317  372  372  374  374 
			 375  375  376  376  480  480  727  727  731  731  767  767  770  770  771  771  859  859  873  873  874  874  895  895  912  912 
			 914  914  918  918  919  919  933  933  934  934  937  937  939  939  940  940  941  941  943  943  944  944  945  945  946  946 
			 947  947  948  948  954  954  955  955  956  956  958  958  963  963  965  965  967  967  968  968  970  970  971  971  973  973 
			 984  984  985  985  987  987  988  988  989  989 1014 1014 1027 1027 1033 1033 1049 1049 1050 1050 1053 1053 1056 1056 1060 1060 
			1062 1062 1063 1063 1064 1064 1065 1065 1068 1068 1074 1074 1079 1079 1083 1083 1084 1084 1107 1107 1742 1742 1752 1752 1753 1753 
			1754 1754 1758 1758 1759 1759 1760 1760 1761 1761 1762 1762 1763 1763 1765 1765 1769 1769 1819 1819 1826 1826 1834 1834 1835 1835 
			1851 1851 1857 1857 1863 1863 1866 1866 1878 1878 1880 1880 1937 1937 1938 1938 1945 1945 1956 1956 1957 1957 1959 1959 1960 1960 
			1972 1972 1982 1982 1985 1985 2010 2010 2013 2013 2014 2014 2102 2102 2106 2106 2304 2304 2423 2423 2424 2424 2427 2427 2428 2428 
			2429 2429 2432 2432 2433 2433 2435 2435 2442 2442 2443 2443 2446 2446 2482 2482 2487 2487 2521 2521 2522 2522 2523 2523 2524 2524 
			2525 2525 2526 2526 2528 2528 2529 2529 2540 2540 2541 2541 2544 2544 2545 2545 2549 2549 2551 2551 2560 2560 2566 2566 2568 2568 
			2569 2569 2570 2570 2584 2584 2585 2585 2586 2586 2587 2587 2639 2639 2665 2665 2670 2670 2737 2737 2739 2739 2749 2749 2750 2750 
			2963 2963 2964 2964 2969 2969 2970 2971 2971 2972 2972 2973 2973 2974 2974 2975 2975 2993 2993 2995 2995 2996 2996 2997 2997 3000 
			3000 4112 4112 4115 4115 4116 4116 4117 4117 4118 4118 4119 4119 4120 4120 4121 4121 4127 4127 4148 4148 4165 4165 4166 4166 4176 
			4181 4181 4182 4182 4184 4184 4186 4186 4189 4189 4241 4241 4242 4242 4243 4243 4251 4251 4252 4252 4253 4253 4254 4254 4260 4260 
			4266 4266 4372 4372 4377 4377 4378 4378 4379 4379 4380 4380 4381 4381 4387 4387 4389 4389 4524 4524 4535 4535 4537 4537 4541 4541 
			4543 4543 4544 4544 4555 4555 4558 4558 4654 4654 4658 4658 4659 4659 4660 4660 4663 4663 4697 4697 4703 4703 4713 4713 4716 4716 
			4717 4717 4741 4741 4742 4742 4743 4743 4746 4746 4747 4747 4748 4748 4749 4749 4751 4751 4755 4755 4757 4757 4766 4766 4767 4767 
			4768 4768 4770 4770 4772 4772 4773 4773 4774 4774 4775 4775 4852 4852 4853 4853 4864 4864 4956 4956 4957 4957 4966 4966 5015 5015 
		}

	}
	mountain = {
		color = { 105 24 4 }
		sound_type = mountains
		type = mountains
		defence = 2
		movement_cost = 1.50
		fort_level = 0.25
		allowed_num_of_buildings = 0.35
		local_regiment_cost = 4
		nation_designer_cost_multiplier = 0.75
		terrain_override = {
			  20   20   22   22  120  120  124  124  138  138  139  139  143  143  144  144  158  158  199  199  204  204  210  210  222  222 
			 223  223  226  226  330  330  331  331  380  380  383  383  384  384  385  385  386  386  390  390  422  422  435  435  436  436 
			 452  452  565  565  583  583  587  587  676  676  677  677  689  689  693  693  694  694  697  697  702  702  716  716  718  718 
			 719  719  729  729  732  732  734  734  739  739  783  783  785  785  794  794  802  802  808  808  814  814  824  824  829  829 
			 856  856  857  857  871  871  872  872  875  875  878  878  879  879  880  880  936  936  974  974  975  975  976  976  977  977 
			1048 1048 1066 1066 1078 1078 1180 1180 1246 1246 1273 1273 1787 1787 1788 1788 1831 1831 1850 1850 1853 1853 1952 1952 2003 2003 
			2020 2020 2073 2073 2074 2074 2103 2103 2104 2104 2105 2105 2107 2107 2108 2108 2111 2111 2112 2112 2117 2117 2125 2125 2127 2127 
			2128 2128 2129 2129 2130 2130 2136 2136 2154 2154 2169 2169 2177 2177 2178 2178 2179 2179 2180 2180 2181 2181 2186 2186 2189 2189 
			2190 2190 2198 2198 2201 2201 2305 2305 2306 2306 2327 2327 2332 2332 2345 2345 2371 2371 2381 2381 2395 2395 2396 2396 2477 2477 
			2480 2480 2481 2481 2484 2484 2485 2485 2486 2486 2491 2491 2493 2493 2494 2494 2495 2495 2505 2505 2564 2564 2604 2604 2605 2605 
			2609 2609 2610 2610 2612 2612 2613 2613 2617 2617 2743 2743 2813 2813 2817 2817 2824 2824 2825 2825 2826 2826 2838 2838 2871 2871 
			2873 2873 2874 2874 2877 2877 4128 4128 4131 4131 4175 4175 4198 4198 4201 4201 4205 4205 4206 4206 4210 4210 4211 4211 4214 4214 
			4215 4215 4216 4216 4217 4217 4222 4222 4232 4232 4236 4236 4280 4280 4281 4281 4282 4282 4301 4301 4306 4306 4348 4348 4404 4404 
			4514 4514 4515 4515 4516 4516 4517 4517 4518 4518 4519 4519 4520 4520 4521 4521 4546 4546 4601 4601 4602 4602 4653 4653 4655 4655 
			4656 4656 4679 4679 4680 4680 4750 4750 4754 4754 4965 4965 4970 4970 5013 5013 5023 5023 5024 5024 5111 5111 5121 5121 5145 5145 
			5146 5146 5147 5147 5148 5148 5149 5149 5151 5151 5152 5152 5153 5153 5159 5159 5180 5180 5181 5181 5182 5182 5185 5185 5186 5186 
			5187 5187 5188 5188 
		}

	}
	impassable_mountains = {
		color = { 128 128 128 }
		sound_type = desert
		defence = 6
		movement_cost = 8.00
		allowed_num_of_buildings = 10
		terrain_override = {
			
		}

	}
	grasslands = {
		color = { 90 235 27 }
		sound_type = plains
		type = plains
		local_regiment_cost = 8
		local_tax_modifier = 1
		terrain_override = {
			  42   42   71   71   79   79   96  114  114  131  131  136  136  149  149  155  155  213  213  218  218  219  219  229  229  318 
			 318  328  328  373  373  417  417  457  457  458  458  516  516  517  517  526  526  539  539  543  543  549  549  552  552  562 
			 562  572  572  593  593  703  703  704  704  726  726  730  730  737  737  772  772  773  773  778  778  798  890  890  891  891 
			 896  896  898  898  901  901  903  903  905  905 1012 1012 1013 1013 1017 1017 1019 1019 1023 1023 1024 1024 1086 1086 1090 1090 
			1170 1170 1177 1177 1747 1747 1818 1818 1825 1825 1837 1837 1839 1839 1845 1845 1847 1847 1858 1858 1859 1859 1942 1942 1943 1943 
			1948 1948 1953 1953 1967 1967 2016 2016 2046 2046 2055 2055 2057 2057 2059 2059 2061 2061 2062 2062 2081 2081 2082 2082 2084 2084 
			2094 2094 2101 2101 2110 2110 2113 2113 2155 2155 2296 2296 2376 2376 2390 2390 2391 2391 2394 2394 2399 2399 2405 2405 2511 2511 
			2598 2598 2602 2602 2632 2632 2666 2735 2735 2848 2848 2850 2850 2851 2851 2852 2852 2948 2949 2949 4150 4150 4174 4174 4227 4227 
			4230 4230 4341 4341 4359 4359 4360 4360 4394 4394 4760 4760 4795 4795 4857 4857 4858 4858 4958 4958 4959 4959 4967 4967 4969 4969 
			4974 4974 4975 4975 4976 4976 4979 4979 4982 4982 4983 4983 4985 4985 5025 5025 5026 5026 5052 5052 5108 5108 5113 5113 5136 5136 
			5137 5137 5138 5138 5139 5139 5158 5158 
		}

	}
	jungle = {
		color = { 98 163 18 }
		sound_type = jungle
		type = jungle
		defence = 1
		movement_cost = 1.50
		allowed_num_of_buildings = 0.35
		local_regiment_cost = 5
		nation_designer_cost_multiplier = 0.80
		terrain_override = {
			 486  486  490  490  534  534  535  535  537  537  546  546  547  547  551  551  553  553  560  560  564  564  566  566  567  567 
			 568  568  570  570  571  571  573  573  579  579  582  582  589  589  590  590  591  591  592  592  602  602  610  610  616  616 
			 660  660  663  663  664  664  666  666  743  743  745  745  746  746  748  748  756  756  757  757  759  759  765  765  789  789 
			 826  826  835  835  838  838  840  840  843  843  846  846  848  848 1085 1085 1118 1118 1125 1125 1138 1138 1139 1139 1151 1151 
			1162 1162 1181 1181 1182 1182 1183 1183 1237 1237 1245 1245 1249 1249 1815 1815 1817 1817 1946 1946 1950 1950 2028 2028 2029 2029 
			2034 2034 2038 2038 2039 2039 2042 2042 2048 2048 2049 2049 2050 2050 2091 2091 2096 2096 2098 2098 2099 2099 2100 2100 2160 2160 
			2161 2161 2162 2162 2164 2164 2166 2166 2372 2372 2377 2377 2388 2388 2389 2389 2397 2397 2398 2398 2400 2400 2402 2402 2403 2403 
			2404 2404 2630 2630 2637 2637 2641 2641 2647 2647 2654 2654 2655 2655 2659 2659 2664 2664 2703 2703 2709 2709 2730 2730 2731 2731 
			2732 2732 2819 2819 2894 2894 2896 2896 2914 2914 2927 2927 2929 2929 2952 2952 4021 4021 4024 4024 4025 4025 4026 4026 4090 4090 
			4105 4109 4109 4407 4407 4408 4408 4409 4409 4410 4410 4412 4412 4413 4413 4431 4431 4432 4432 4433 4433 4438 4438 4439 4439 4444 
			4444 4448 4448 4450 4450 4451 4451 4468 4468 4470 4470 4471 4471 4472 4472 4478 4478 4799 4799 4804 4804 4817 4817 4869 4869 4950 
			4950 5037 5037 5038 5038 5039 5039 5129 5129 5130 5130 5131 5131 5132 5132 5133 5133 5134 5134 5135 5135 
		}

	}
	marsh = {
		color = { 13 189 130 }
		sound_type = forest
		type = marsh
		defence = 1
		movement_cost = 1.30
		allowed_num_of_buildings = 0.25
		local_regiment_cost = 5
		nation_designer_cost_multiplier = 0.85
		terrain_override = {
			  96   96  277  277  362  362  408  408  462  462  749  749  758  758  775  775  777  777  893  893  927  927  928  928  950  950 
			 999  999 1000 1000 1003 1003 1004 1004 1005 1005 1006 1006 1031 1031 1217 1217 1860 1860 2259 2259 2261 2261 2286 2286 2287 2287 
			2311 2311 2516 2516 2534 2534 2536 2536 2537 2537 2592 2592 2599 2599 2600 2600 2702 2702 2759 2759 2857 2857 2890 2890 4141 4141 
			4288 4288 4290 4290 4386 4386 4706 4706 4738 4738 5021 5021 
		}

	}
	desert = {
		color = { 242 242 111 }
		sound_type = desert
		type = desert
		movement_cost = 1.05
		local_regiment_cost = 4
		allowed_num_of_buildings = 0.50
		nation_designer_cost_multiplier = 0.80
		terrain_override = {
			 350  350  355  355  503  503  512  512  513  513  514  514  698  698  701  701  706  706  707  707  708  708  709  709  710  710 
			 711  711  712  712  715  715  720  720  860  860  867  867 1093 1093 1115 1115 1176 1176 1231 1231 2064 2064 2066 2066 2078 2078 
			2086 2086 2088 2088 2119 2119 2120 2120 2121 2121 2123 2123 2191 2191 2192 2192 2193 2193 2244 2244 2271 2271 2272 2272 2490 2490 
			2618 2618 2747 2747 2767 2767 2773 2773 2844 2844 4204 4204 4207 4207 4208 4208 4221 4221 4223 4223 5027 5027 5028 5028 5047 5047 
			5048 5048 5053 5053 5155 5155 5355 5355 5356 5356 
		}

	}
	coastal_desert = {
		color = { 255 211 110 }
		sound_type = desert
		type = desert
		allowed_num_of_buildings = 0.35
		local_regiment_cost = 4
		nation_designer_cost_multiplier = 0.90
		terrain_override = {
			 389  389  394  394  395  395  396  396  397  397  398  398  399  399  400  400  401  401  402  402  782  782  792  792  793  793 
			 796  796  805  805  806  806  865  865  866  866 1099 1099 1174 1174 1206 1206 1209 1209 1212 1212 1215 1215 1230 1230 1232 1232 
			2024 2024 2315 2315 2320 2320 2321 2321 2324 2324 2329 2329 2331 2331 2333 2333 2340 2340 2341 2341 2342 2342 2347 2347 2726 2765 
			2765 2786 2786 2788 2788 2789 2789 2790 2790 2793 2793 2821 2821 2822 2822 2828 2828 2840 2840 2841 2841 4269 4269 4278 4278 4283 
			4283 4284 4284 4286 4286 4847 4847 4848 4848 4849 4849 4865 4865 4866 4866 4867 4867 
		}

	}
	coastline = {
		color = { 49 175 191 }
		sound_type = sea
		allowed_num_of_buildings = 0.15
		local_regiment_cost = 6
		nation_designer_cost_multiplier = 0.85
		terrain_override = {
			 112  112  233  233  253  253  333  333  368  368  387  387  487  487  491  491  492  492  497  497  498  498  499  499  500  500 
			 501  501  502  502  634  634  642  642  643  643  644  644  645  645  647  647  648  648  649  649  650  650  653  653  654  654 
			 655  655  656  656  788  788  938  938  957  957  962  962  979  979  982  982 1015 1015 1095 1095 1098 1098 1100 1100 1101 1101 
			1102 1102 1103 1103 1186 1186 1192 1192 1195 1195 1196 1196 1197 1197 1198 1198 1199 1199 1200 1200 1202 1202 1203 1203 1204 1204 
			1240 1240 1242 1242 1986 1986 1988 1988 1989 1989 1992 1992 1994 1994 1998 1998 1999 1999 2547 2547 2554 2554 2561 2561 2578 2578 
			2678 2678 2679 2679 2699 2699 2700 2700 2713 2713 2714 2714 2716 2716 2717 2717 2718 2718 2725 2725 2728 2728 2741 2741 3003 3003 
			4049 4049 4193 4193 4279 4279 4349 4349 4350 4350 4351 4351 4352 4352 4353 4353 4354 4354 4355 4355 4356 4356 4364 4364 4365 4365 
			4815 4815 4955 4955 4972 4972 5000 5000 5034 5034 5051 5051 
		}

	}
	drylands = {
		color = { 232 172 102 }
		sound_type = plains
		type = plains
		allowed_num_of_buildings = 0.05
		local_regiment_cost = 7
		local_tax_modifier = 1
		nation_designer_cost_multiplier = 0.95
		terrain_override = {
			 214  214  220  220  221  221  224  224  225  225  322  322  327  327  334  334  337  337  338  338  341  341  342  342  345  345 
			 377  377  379  379  381  381  382  382  406  406  407  407  411  411  412  412  420  420  421  421  425  425  428  428  430  430 
			 431  431  441  441  442  442  444  444  446  446  450  450  453  453  454  454  464  464  504  504  505  505  519  519  528  528 
			 541  541  569  569  699  699  713  713  750  750  751  751  752  752  753  753  754  754  755  755  786  786  790  790  799  799 
			 858  858  862  862  868  868  876  876  882  882 1089 1089 1091 1091 1094 1110 1110 1172 1172 1178 1178 1222 1222 1748 1748 1749 
			1749 1750 1750 1809 1809 1849 1849 1854 1854 1855 1855 1973 1973 2031 2031 2051 2051 2052 2052 2053 2053 2054 2054 2065 2065 2067 
			2067 2068 2068 2072 2072 2122 2122 2124 2124 2182 2182 2184 2184 2199 2199 2203 2203 2208 2208 2213 2213 2214 2214 2215 2215 2219 
			2219 2227 2227 2228 2228 2297 2297 2300 2300 2302 2302 2307 2307 2308 2308 2309 2309 2313 2314 2314 2317 2317 2319 2319 2356 2356 
			2364 2364 2453 2453 2455 2455 2461 2461 2466 2466 2469 2469 2473 2473 2476 2476 2492 2492 2498 2498 2503 2503 2507 2507 2614 2614 
			2619 2619 2620 2620 2643 2643 2667 2667 2668 2668 2682 2682 2733 2733 2736 2754 2754 2764 2764 2768 2768 2797 2797 2798 2798 2801 
			2801 2842 2842 2846 2846 2854 2854 2861 2861 2863 2863 2864 2864 2865 2865 2868 2868 2878 2878 2883 2883 2885 2885 2912 2912 2913 
			2913 2915 2915 2917 2917 2921 2921 2922 2922 2999 2999 4040 4040 4209 4209 4292 4292 4297 4297 4298 4307 4307 4308 4308 4309 4309 
			4314 4314 4318 4318 4320 4320 4337 4337 4343 4343 4411 4411 4421 4421 4435 4435 4437 4437 4454 4454 4455 4455 4456 4456 4463 4463 
			4503 4503 4504 4504 4505 4505 4509 4509 4547 4547 4549 4549 4557 4557 4562 4562 4563 4563 4564 4564 4628 4628 4630 4630 4855 4855 
			4861 4861 4863 4863 5029 5029 5032 5032 5033 5033 5046 5046 5062 5062 5154 5154 5345 5345 5346 5346 5347 5347 5348 5348 5349 5349 
			5350 5350 5351 5351 5352 5352 5353 5353 5354 5354 
		}

	}
	highlands = {
		color = { 176 129 21 }
		sound_type = mountains
		type = hills
		defence = 1
		movement_cost = 1.40
		local_regiment_cost = 6
		fort_level = 0.1
		allowed_num_of_buildings = 0.2
		nation_designer_cost_multiplier = 0.90
		terrain_override = {
			  23   23   24   24  127  127  145  145  154  154  162  162  163  163  216  216  228  228  252  252  263  263  319  319  321  321 
			 323  323  324  324  326  326  329  329  332  332  335  335  336  336  339  339  340  340  346  346  348  348  349  349  351  351 
			 365  365  370  370  371  371  378  378  418  418  460  460  520  520  536  536  542  542  544  544  578  578  588  588  661  661 
			 662  662  673  673  674  674  675  675  678  678  705  705  736  736  784  784  798  798  823  823  850  850  852  852  853  853 
			 869  869 1047 1047 1171 1171 1184 1184 1185 1185 1188 1188 1207 1207 1208 1208 1211 1211 1218 1218 1219 1219 1224 1224 1227 1227 
			1247 1247 1318 1318 1751 1751 1766 1766 1773 1773 1846 1846 1882 1882 1968 1968 2006 2006 2018 2018 2019 2019 2035 2035 2077 2077 
			2079 2079 2085 2085 2087 2087 2093 2093 2131 2131 2132 2132 2133 2133 2134 2134 2135 2135 2165 2165 2167 2167 2168 2168 2170 2170 
			2183 2183 2202 2202 2209 2209 2235 2235 2274 2274 2298 2298 2301 2301 2303 2303 2313 2313 2401 2401 2454 2454 2458 2458 2459 2459 
			2462 2462 2463 2463 2464 2464 2465 2465 2478 2478 2483 2483 2488 2488 2489 2489 2496 2496 2501 2501 2504 2504 2621 2621 2622 2622 
			2623 2623 2624 2624 2626 2626 2628 2628 2629 2629 2644 2644 2645 2645 2646 2646 2734 2734 2748 2748 2752 2752 2755 2755 2756 2756 
			2757 2757 2758 2758 2762 2762 2763 2763 2766 2766 2770 2770 2771 2771 2772 2772 2778 2778 2779 2779 2781 2781 2787 2787 2792 2792 
			2946 2946 2950 2950 2951 2951 2960 2960 2968 2968 2970 2970 2986 2986 2989 2989 3001 3001 4027 4027 4029 4029 4030 4030 4053 4053 
			4055 4055 4056 4056 4057 4057 4059 4059 4067 4067 4073 4073 4077 4077 4084 4084 4100 4100 4101 4101 4103 4103 4110 4110 4176 4176 
			4199 4199 4228 4228 4238 4238 4293 4293 4294 4294 4295 4295 4298 4298 4299 4299 4305 4305 4313 4313 4391 4391 4398 4398 4406 4406 
			4422 4422 4436 4436 4464 4464 4553 4553 4561 4561 4566 4566 4669 4669 4699 4699 4701 4701 4780 4780 4859 4859 4860 4860 4963 4963 
			5012 5012 5019 5019 5030 5030 5031 5031 5035 5035 5141 5141 5142 5142 5143 5143 5150 5150 5157 5157 5160 5160 5161 5161 5165 5165 
			5166 5166 5167 5167 5168 5168 5173 5173 5174 5174 5178 5178 5183 5183 5184 5184 
		}

	}
	savannah = {
		color = { 248 199 23 }
		sound_type = plains
		type = plains
		local_regiment_cost = 6
		allowed_num_of_buildings = 0.15
		nation_designer_cost_multiplier = 0.95
		terrain_override = {
			 484  484  485  485  603  603  605  605  606  606  607  607  612  612  614  614  768  768  776  776  870  870  883  883  884  884 
			 887  887  888  888  894  894  897  897  900  900  902  902  913  913  915  915  922  922  923  923  924  924  926  926  929  929 
			 932  932  942  942 1008 1008 1010 1010 1088 1088 1092 1092 1094 1094 1113 1113 1114 1114 1116 1116 1120 1120 1122 1122 1123 1123 
			1124 1124 1131 1131 1134 1134 1135 1135 1136 1136 1137 1137 1140 1140 1142 1142 1143 1143 1144 1144 1145 1145 1146 1146 1148 1148 
			1149 1149 1150 1150 1152 1152 1153 1153 1154 1154 1155 1155 1159 1159 1160 1160 1161 1161 1167 1167 1168 1168 1187 1187 1189 1189 
			1190 1190 1191 1191 1193 1193 1194 1194 1800 1800 1925 1925 2017 2017 2021 2021 2237 2237 2238 2238 2239 2239 2240 2240 2241 2241 
			2245 2245 2248 2248 2249 2249 2250 2250 2252 2252 2253 2253 2254 2254 2256 2256 2263 2263 2265 2265 2266 2266 2267 2267 2270 2270 
			2278 2278 2279 2279 2280 2280 2281 2281 2283 2283 2285 2285 2291 2291 2292 2292 2293 2293 2295 2295 2374 2374 2378 2378 2383 2383 
			2386 2386 2513 2513 2514 2514 2519 2519 2520 2520 2530 2530 2533 2533 2535 2535 2538 2538 2542 2542 2543 2543 2546 2546 2596 2596 
			2597 2597 2656 2656 2669 2669 2726 2726 2729 2729 2736 2736 2805 2805 2809 2809 2810 2810 2812 2812 2814 2814 2815 2815 2853 2853 
			2855 2855 2859 2859 2879 2879 2884 2884 2886 2886 2887 2887 2888 2888 2891 2891 2892 2892 2893 2893 2895 2895 2897 2897 2906 2906 
			2907 2907 2908 2908 2909 2909 2910 2910 2911 2911 2918 2918 2919 2919 2920 2920 2923 2923 2924 2924 2925 2925 2926 2926 2939 2939 
			2948 2948 4022 4022 4028 4028 4031 4031 4032 4032 4034 4034 4035 4035 4036 4036 4037 4037 4038 4038 4039 4039 4041 4041 4042 4042 
			4043 4043 4044 4044 4045 4045 4047 4047 4048 4048 4058 4058 4061 4061 4062 4062 4064 4064 4065 4065 4071 4071 4074 4074 4075 4075 
			4076 4076 4082 4082 4083 4083 4091 4091 4092 4092 4093 4093 4094 4094 4095 4095 4096 4096 4097 4097 4099 4099 4104 4104 4105 4105 
			4106 4106 4107 4107 4108 4108 4618 4618 4619 4619 4829 4829 4836 4836 4846 4846 4850 4850 4851 4851 4881 4881 
		}

	}
	steppe = {
		color = { 147 200 83 }
		sound_type = plains
		type = plains
		allowed_num_of_buildings = 0.20
		local_regiment_cost = 6
		nation_designer_cost_multiplier = 0.90
		terrain_override = {
			 282  282  283  283  284  284  285  285  286  286  287  287  288  288  291  291  299  299  300  300  301  301  302  302  303  303 
			 304  304  459  459  461  461  463  463  466  466  467  467  468  468  470  470  472  472  473  473  474  474  475  475  476  476 
			 478  478  479  479  714  714  717  717  721  721  722  722  723  723  724  724  725  725  728  728  774  774  779  779  780  780 
			 781  781  833  833  885  885  886  886  889  889  892  892  906  906 1057 1057 1058 1058 1071 1071 1075 1075 1076 1076 1081 1081 
			1082 1082 1132 1132 1133 1133 1156 1156 1157 1157 1158 1158 1175 1175 1179 1179 1205 1205 1216 1216 1221 1221 1225 1225 1226 1226 
			1756 1756 1778 1778 1965 1965 1966 1966 1971 1971 1974 1974 2004 2004 2008 2008 2009 2009 2109 2109 2114 2114 2115 2115 2116 2116 
			2118 2118 2126 2126 2185 2185 2187 2187 2188 2188 2195 2195 2197 2197 2243 2243 2246 2246 2260 2260 2262 2262 2264 2264 2268 2268 
			2269 2269 2273 2273 2276 2276 2282 2282 2284 2284 2288 2288 2353 2353 2354 2354 2355 2355 2357 2357 2358 2358 2359 2359 2360 2360 
			2366 2366 2367 2367 2368 2368 2369 2369 2406 2406 2408 2408 2409 2409 2411 2411 2412 2412 2413 2413 2414 2414 2415 2415 2416 2416 
			2417 2417 2418 2418 2419 2419 2420 2420 2421 2421 2422 2422 2434 2434 2441 2441 2447 2447 2497 2497 2499 2499 2500 2500 2502 2502 
			2510 2510 2625 2625 2666 2666 2672 2672 2727 2727 2776 2776 2777 2777 2780 2780 2782 2782 2783 2783 2784 2784 2785 2785 2795 2795 
			2799 2799 2800 2800 2802 2802 2860 2860 2866 2866 2869 2869 2870 2870 2875 2875 2876 2876 2880 2880 2932 2932 4033 4033 4200 4200 
			4202 4202 4203 4203 4218 4218 4219 4219 4220 4220 4255 4255 4264 4264 4265 4265 4267 4267 4629 4629 4664 4664 4665 4665 4666 4666 
			4667 4667 4668 4668 4671 4671 4672 4672 4673 4673 4674 4674 4675 4675 4683 4683 
		}

	}
	### Modified 6/16/2025 3:26:40 AM ###
}
##################################################################
### Graphical terrain
###		type	=	refers to the terrain defined above, "terrain category"'s 
### 	color 	= 	index in bitmap color table (see terrain.bmp)
###

terrain = {
	grasslands			 = { type = grasslands 			color = {  0}}
	hills			 = { type = hills 			color = {  1}}
	desert_mountain			 = { type = mountain 			color = {  2}}
	desert			 = { type = desert 			color = {  3}}
	plains			 = { type = grasslands 			color = {  4}}
	terrain_5			 = { type = grasslands 			color = {  5}}
	mountain			 = { type = mountain 			color = {  6}}
	desert_mountain_low			 = { type = desert 			color = {  7}}
	terrain_8			 = { type = hills 			color = {  8}}
	marsh			 = { type = marsh 			color = {  9}}
	terrain_10			 = { type = farmlands 			color = { 10}}
	terrain_11			 = { type = farmlands 			color = { 11}}
	forest_12			 = { type = forest 			color = { 12}}
	forest_13			 = { type = forest 			color = { 13}}
	forest_14			 = { type = forest 			color = { 14}}
	ocean			 = { type = ocean 			color = { 15}}
	snow			 = { type = mountain 			color = { 16}}
	inland_ocean_17			 = { type = inland_ocean 			color = { 17}}
	coastal_desert_18			 = { type = coastal_desert 			color = { 19}}
	coastline			 = { type = coastline 			color = { 35}}
	savannah			 = { type = savannah 			color = { 20}}
	drylands			 = { type = drylands 			color = { 22}}
	highlands			 = { type = highlands 			color = { 23}}
	dry_highlands			 = { type = highlands 			color = { 24}}
	woods			 = { type = woods 			color = {255}}
	jungle			 = { type = jungle 			color = {254}}
	terrain_21			 = { type = farmlands 			color = { 21}}
}

##################################################################
### Tree terrain
###		terrain	=	refers to the terrain tag defined above
### 	color 	= 	index in bitmap color table (see tree.bmp)
###

tree = {
	forest			 = { type = forest 			color = {  3  4  6  7 19 20}}
	woods			 = { type = woods 			color = {  2  5  8 18}}
	jungle			 = { type = jungle 			color = { 13 14 15}}
	palms			 = { type = desert 			color = { 12}}
	savana			 = { type = grasslands 			color = { 27 28 29 30}}
}
